[f1image-new.jpg]
filters=radsat=1,0.538576,0.704951,1.000000,0.304094;
moddate=0000ff143fcf0000
width=1126
height=845
textactive=0
